440063
441291
441227
440066
440065
440064
440067
441476
break
440068
441290
441226
440071
440070
440069
440072
441473
break
440078
440079
440080
440081
440082
441224
441288
441475
break
440147
440149
440148
441297
441299
440150
440151
441478
break
440176
440172
440173
440174
440175
441220
441281
441468
break
440177
440178
440179
440180
440181
441222
441284
441469
break
440182
440183
440184
440185
440186
441223
441286
441470
break
440194
440192
440193
440195
440196
441214
441287
441467
break
440197
440198
440199
440200
440201
441221
441282
441464
break
440205
440202
440203
440204
440206
441219
441295
441477
break
440210
440208
440209
440211
440212
441215
441280
441463
break
440214
440213
440215
440216
440217
441216
441283
441465
break
440220
440218
440219
440221
440222
441217
441285
441466
break
441471
440399
440408
440409
440410
440411
441292
441293
break
441130
441125
441127
441128
441129
441296
441298
441479
break
441315
441309
441310
441311
441312
441313
441314
441474
break
441367
441368
441369
441370
441472
break
441598
441600
441601
441606
441607
441609
441608
441603
break
441610
441612
441613
441611
441772
441773
441774
441775
break
441764
441771
441768
441770
441765
441767
441769
441766
break
511632
511631
513381
513382
515803
517143
517699
518911
break
513428
513426
513427
513429
515652
517109
517677
519049
break
513424
513422
513423
513425
515653
517110
517676
519048
break
516319
516320
516321
516322
516323
517107
517678
519050
break
519450
519451
519452
519453
519454
519455
519456
519457
break
520850
520855
520857
520852
520856
520853
520854
520851
break
441590
441592
441597
441593
441594
441595
441596
441591
break
442071
442072
442073
442074
442075
442076
442077
442078
break
401920
401921
401922
401923
401924
401925
401926
401927
break
401732
401733
401734
401777
401778
401779
401780
401781
break
442196
442197
442198
442199
442200
442201
442202
442203
break
518619
519448
519449
break
522258
522412
522413
522415
522416
522414
522417
522418
break
522259
522428
522427
522429
522432
522430
522431
522433
break
442548
442549
442550
442551
442552
442553
442554
442555
break
442530
442531
442532
442533
442534
442535
442536
442537
break
442521
442522
442523
442524
442525
442526
442527
442528
